a_data = [2.54497
3.29008
2.11006
3.20082
2.79477
2.85855
2.93589
3.41382
3.39026
2.22886
3.50771
1.77676
2.55871
3.2817
3.04224
2.61194
2.66871
2.5564
2.46006
3.58493
3.49984
3.05702
2.29659
3.37396
3.16991
3.45344
3.42996
2.01933
2.61867
2.71026
3.44475
2.88945
3.68363
2.69082
2.37955
3.50382
3.43304
2.84805
3.16011
2.47706
1.89122
2.96481
3.58665
3.27439
2.6972
3.51461
3.05989
2.38043
2.72496
2.87794
3.16596
3.09689
3.65142
3.4221
2.0119
3.17085
3.84679
2.7618
3.1137
3.31942
3.23408
2.54747
3.21509
2.38867
3.61574
3.10525
3.1562
3.00993
3.56155
3.36859
3.01207
2.84975
3.28128
2.43053
2.99192
3.37428
3.3706
2.80268
2.73975
3.11886
2.43861
2.41221
3.17705
2.75099
2.81575
3.70166
2.83866
3.15185
3.58059
2.18317
3.12875
3.41588
2.95493
3.21582
3.61018
2.19701
3.31004
3.20209
2.05584
3.07745
2.99835
2.87986
3.16447
2.90306
3.03314
3.17788
2.54922
2.59437
3.06398
3.30252
2.24149
2.7383
2.70364
2.93341
3.28502
3.51376
2.64394
2.83836
2.93885
2.61229
2.90966
2.56972
3.44532
2.75681
3.09088
2.80426
2.92349
2.72138
3.37768
2.8038
2.56727
2.97668
3.31404
2.73997
2.90588
2.0674
3.08705
3.44306
3.2098
3.27262
2.5166
3.13989
2.54708
3.04117
2.99525
2.67552
3.04834
2.91464
2.76022
2.45434
3.01632
3.79507
3.66905
3.56614
2.78188
2.36567
2.73099
2.74734
2.49327
3.47106
3.05634
3.03051
2.67679
3.15547
3.01481
2.93736
2.8527
2.67015
2.45662
3.14853
2.67873
2.97812
3.27139
3.05759
3.37544
2.45697
2.84619
3.01861
3.353
2.92802
2.73208
3.16038
2.87624
2.84994
3.43629
3.03704
3.03478
3.2724
3.08429
2.56197
3.07301
3.08702
2.31927
3.04523
2.58348
4.04786
2.13348
2.04018
3.13918
2.99425
3.6161
2.84984
2.77739
2.94372
2.60314
3.83772
2.44963
2.88032
2.98549
2.36157
3.08109
3.29593
3.66296
2.93313
3.55396
3.08295
3.11042
2.9828
2.69995
3.07286
3.07068
3.28055
3.27073
3.40768
2.88189
3.28777
3.04698
3.61068
2.89541
2.40309
3.29049
3.142
2.85688
2.45678
3.62421
2.68213
2.82362
3.4358
3.92027
2.89965
3.33592
3.09539
3.12281
3.07116
3.08492
3.04648
2.7327
3.38967
3.32997
3.09424
2.10874
3.37055
3.27165
3.23199
3.08186
3.67184
2.14118
3.28384
3.18934
3.02671
2.85491
2.74014
2.90721
3.75345
3.21616
2.9844
3.72637
3.20712
2.43924
2.81966
2.70207
2.89788
2.62899
2.75931
3.49251
2.61866
3.38435
3.14044
2.79002
3.39308
3.49503
3.36249
3.28484
3.67944
3.03658
3.06483
2.87464
3.33981
3.36155
2.68527
2.80409
3.05908
3.59211
3.29199
2.8737
2.49621
3.58963
3.33362
3.43918
2.86793
3.88536
3.20825
2.88419
2.5252
2.49868
2.51925
3.54873
3.25898
3.18388
3.24967
2.8784
3.57012
2.6571
2.9102
3.13708
3.15198
2.78208
3.29515
3.08288
2.96464
2.90677
3.53755
3.2363
1.92386
3.03554
3.15023
2.73152
3.1215
3.36944
2.94816
2.41692
3.19402
2.26741
2.67136
2.89805
3.01187
3.15992
3.93691
3.42832
3.03145
2.74439
2.89812
3.04557
2.65019
3.50236
2.93981
3.41106
3.35111
3.08488
2.99168
2.5276
3.83784
2.71326
2.31201
3.42735
3.04268
2.08823
3.48058
2.48359
2.81325
2.57697
3.21094
2.37157
2.8872
3.35611
3.45366
2.91792
3.36657
3.33549
2.8594
2.38763
3.4327
2.63966
2.73359
3.33926
2.28144
3.1007
3.05168
2.55071
2.95664
3.60995
2.5485
3.64733
3.17497
2.33657
3.68306
2.44517
1.87123
2.97412
2.87766
3.1913
3.13374
2.80076
2.9753
3.68155
3.41355
3.41299
2.95051
3.72418
3.14415
3.03843
3.15727
2.93328
3.35647
3.3327
2.70275
3.17046
2.4792
3.32188
2.96982
2.77958
3.40128
3.12768
2.65353
2.51251
3.04409
3.85823
3.13987
3.06872
3.47914
2.78276
3.03304
2.93875
2.84149
3.15623
3.33736
3.02504
3.41632
2.80802
2.48842
3.29711
3.0201
3.63181
3.55091
3.00396
2.69554
2.64857
2.9458
2.55864
3.16068
3.20214
3.10505
2.8983
2.3695
3.19527
3.53578
2.0428
2.70841
3.29604
3.41559
3.08419
3.00279
2.50493
3.46646
2.42262
2.9717
3.39479
2.74364
3.10973
2.57622
2.43636
2.84943
2.51204
3.89757
3.13278
3.97229
3.6323
3.05822
2.84038
3.04531
2.40668
2.63998
3.01147
2.19723
3.38529
3.19042
2.88882
2.37583
2.75378
2.48543
2.48235
3.05058
2.59147
2.50077
3.01103
3.16545
2.7381
3.54445
3.18246
2.90332
3.1731
2.67221
3.40506
2.93645
2.69634
2.81062
3.25488
3.68068
2.59033
3.03773
2.48627
2.59936
3.19955
3.01802
2.63622
3.68878
2.87672
2.87143
2.75645
2.63746
2.78019
3.43172
3.04234
3.39731
2.99278
2.35056
3.26073
2.98188
2.89658
3.08488
2.85769
2.23145
2.78128
2.47806
3.26886
2.47964
2.62646
2.81087
3.03348
2.89452
2.71299
2.98749
3.19028
3.46383
3.09625
2.73027
3.14687
2.46051
3.33824
2.66986
2.53328
3.37666
2.80962
3.80475
2.84353
2.15782
3.21731
2.79467
2.49951
3.24762
2.23397
3.62856
2.69375
2.90697
2.8426
2.30288
3.23086
2.52824
3.46526
3.32458
3.21117
3.26429
2.64208
3.37887
2.96133
2.70523
3.115
2.12896
3.36779
2.84575
2.38735
3.34277
2.70707
3.77713
2.7125
2.72102
3.26614
3.30219
3.05332
3.0381
3.78182
3.226
3.15465
3.22871
2.67061
3.08176
2.9248
3.05625
3.19956
3.1586
3.03661
2.48395
2.68063
3.36698
2.9719
3.12943
3.31429
3.70992
2.67089
3.24578
2.12893
2.89802
2.87616
3.2537
3.42613
3.19378
2.7575
3.10259
2.46167
3.40998
2.22024
3.42424
2.50093
2.84277
2.9257
3.377
2.85113
3.42483
3.54075
2.59245
3.42684
2.6872
3.20103
3.58886
2.89751
2.62174
3.26705
2.57572
3.30477
2.97424
3.8383
2.66566
3.1712
2.71284
2.88583
3.31387
2.67755
3.21631
3.08898
2.05789
2.86868
3.68694
3.67042
2.71744
3.49746
2.6969
2.26462
3.14514
2.66433
3.24179
2.84119
3.0311
2.80285
3.55875
3.60273
3.55647
2.86804
3.13596
3.28784
3.21513
2.39169
3.14862
2.4253
2.60704
3.23337
3.05633
2.88429
3.61514
2.83577
2.7387
3.27221
3.22195
2.93866
3.6645
3.31329
3.09965
2.83228
2.9363
2.80269
2.59496
2.53536
2.94448
3.72179
3.11284
2.99742
2.98672
2.31365
2.89222
3.29189
2.7331
2.2953
3.69607
3.39051
2.83058
3.79869
3.00038
2.89974
2.51267
3.13507
3.18015
2.4383
2.79215
2.65223
2.94201
3.58097
3.26353
3.06503
2.74303
3.81501
2.74105
3.28017
2.96052
2.68832
3.65206
3.12108
3.32229
3.17237
2.18095
2.99083
2.67861
3.14824
3.50445
2.89085
2.88713
3.26539
2.84625
2.80979
2.69812
3.16405
2.35704
3.19286
3.21049
3.06566
2.9646
3.1101
2.71329
3.05058
3.45129
2.86118
3.04648
3.02009
2.74218
2.90132
3.18247
3.68387
1.98954
3.20883
3.61594
3.28372
3.54596
3.2944
2.51646
2.81615
3.07043
2.16776
3.11304
3.03005
2.68703
2.85512
3.44091
3.38678
3.96778
2.85102
2.33992
2.50444
3.25149
3.09893
2.40913
2.77356
3.48958
3.51505
2.99922
3.44002
2.90841
3.82393
2.91652
3.11996
2.68551
3.08313
3.36331
3.35619
2.56295
3.10232
2.56614
3.16353
3.25779
2.03537
2.976
3.08218
3.19073
2.95165
3.42688
3.14707
3.16337
2.72487
3.01951
2.60233
2.71628
3.46396
3.46445
3.63258
2.12775
3.1575
3.22894
3.33753
2.92658
2.93129
3.23092
2.97998
3.17849
2.62674
3.82742
3.64091
3.05255
2.69637
3.29605
3.72823
2.50297
2.62715
3.80262
3.42983
2.45487
2.56955
2.91094
2.39633
3.49867
2.61431
3.09144
2.4237
2.75372
2.90459
3.54077
2.26705
3.09196
2.44993
2.71028
3.01373
2.97681
2.90181
2.45303
3.27803
2.83329
2.78363
3.32963
3.23542
2.84659
2.4862
3.27048
3.09877
3.02752
2.86557
3.33287
2.50231
3.90128
3.28845
2.78448
2.73906
3.00113
2.85181
2.96336
3.28845
3.02856
2.45776
2.75605
3.5749
3.40067
2.98474
2.78764
2.26426
3.08046
2.93228
3.11037
2.72083
3.70961
3.14938
2.9239
2.82094
2.81107
2.60195
3.33992
3.18096
2.92122
2.53942
2.68306
3.07624
2.73321
3.17717
3.66432
3.31296
3.32653
3.32842
2.94962
2.66625
3.20616
2.60589
2.88772
3.09593
2.7069
3.56209
3.5178
2.9411
2.4966
2.13563
2.81756
2.60252
2.37846
3.37896
2.83786
3.88455
3.16219
2.96985
2.53411
3.82047
3.13328
3.13834
3.54605
3.46565
3.20954
3.1323
3.56063
2.69013
2.77128
2.21663
2.9106
3.89558
3.6523
3.17397
3.80181
2.31284
3.23485
2.27913
2.95663
2.3446
3.18756
2.62897
2.59437
2.7538
3.62717
2.26814
3.01652
3.27456
3.41676
3.47819
3.53313
3.71364
3.19157
2.22848
3.42943
2.66811
2.87841
2.8444
3.34904
3.24643
3.08459
3.39505
2.69144
2.31166
3.67927
2.97528
3.01223
3.30012
3.26417
2.97749
3.37772
3.14157
2.62212
3.3871
2.93609
3.72659
2.91896
2.62571
3.52956
2.52641
2.76599
2.15536
2.57034
3.37699
3.1738
2.8593
2.85553
2.522
2.95561
3.44257
3.50382
3.26446
2.95973
3.07034
2.44272
3.42643
4.05288
2.72219
3.08993
2.57816
3.04131
3.54076
2.9699
3.3886
3.36213
3.25551
2.25286
3.7036
2.6337
2.52672
3.70387
2.71579
2.53138
2.52752
2.63797
2.92627
3.79918
2.6353
2.61263
