a_data = [2.9735
3.43283
3.20442
2.99144
3.15068
2.55389
2.65418
3.04385
2.42475
2.72831
2.83844
2.68038
3.64571
3.42012
3.11591
3.20855
3.27111
2.68208
2.16122
2.7099
3.08947
2.76194
2.49596
2.70899
2.80312
2.95712
2.77347
3.32355
2.94103
3.14475
3.33446
2.68512
3.13338
2.78144
3.09737
2.54309
2.1145
2.72752
3.28605
3.02865
2.995
3.27562
3.04462
2.89549
3.37853
3.06702
2.40733
2.54791
3.08029
3.48353
3.15427
3.57884
3.5246
2.76409
3.05867
3.08255
3.84329
2.966
3.27259
2.99356
3.4632
2.34209
3.47899
3.19729
2.13945
2.37205
3.69855
2.52464
2.93919
2.84468
4.06473
3.39267
2.61151
3.37116
3.51407
3.05373
3.0538
3.17456
2.66574
2.79356
2.82942
4.18179
2.77486
2.88734
3.44661
3.25764
2.69247
3.25662
2.10975
2.63955
2.85076
3.23729
3.07742
2.62765
2.35111
3.13109
2.60659
2.61681
2.97341
3.54197
2.87397
2.67562
2.74227
2.622
3.58669
2.1795
1.81861
3.88306
2.10996
3.43588
2.87409
2.85099
3.98258
2.34464
2.89495
2.86182
2.48274
3.18389
2.89779
3.22663
3.3504
3.33757
3.14745
2.84422
3.0846
2.46043
2.54575
2.25244
3.53373
3.06336
2.85234
3.29194
3.0204
3.41032
2.80137
2.96301
3.47962
2.51159
2.29967
3.19689
2.83572
2.8121
2.95354
3.34676
2.93156
3.85982
2.39436
2.19249
2.82661
3.52239
2.72304
3.0202
3.12245
2.78205
3.29043
3.00089
3.048
3.15338
2.82919
2.80917
3.17478
3.62175
2.17656
3.49932
2.82225
3.15369
2.60745
3.18473
3.16357
2.89929
2.77541
3.38038
2.96274
3.44599
3.20515
3.00037
3.47118
2.52181
2.66688
2.787
2.70394
2.67651
3.13962
3.21684
3.63632
3.19149
2.68643
3.13686
3.63084
3.00634
3.0076
3.6024
3.1909
3.7317
2.75636
3.05852
2.82723
2.65488
2.86762
2.79752
2.3129
2.36268
3.27585
3.33643
3.2927
2.90534
3.35882
3.53934
2.78153
2.68702
3.37285
2.85227
3.44073
3.28877
2.51129
3.22137
3.21201
2.72953
2.62802
3.1906
3.11815
2.74162
2.75529
2.6752
3.2365
3.61526
3.46496
2.2544
2.6509
2.88303
3.25013
2.93787
3.5608
2.51491
3.42777
3.77847
3.06058
2.58408
3.30835
3.39888
2.66541
3.52334
3.41638
3.10635
3.04914
2.32376
3.0699
2.97525
3.09183
3.17723
3.18709
3.4608
2.97155
2.7061
2.89656
3.02491
2.99374
3.21589
3.20826
2.77616
2.92421
3.40606
3.94383
3.57939
3.05225
2.64767
2.82035
2.77572
3.71985
2.89389
2.96808
2.52707
3.08361
2.41726
2.89397
2.76761
2.33047
2.83195
2.04586
3.34936
3.30489
3.08281
3.16675
3.65948
3.28528
2.8391
3.33371
1.77061
2.82367
3.3595
2.34987
2.6934
3.46843
2.76632
3.49746
3.03999
3.49052
2.52419
2.86553
3.01328
2.82083
3.05642
3.3525
2.6092
3.23392
2.08465
3.0937
2.9404
3.214
2.6977
2.54558
2.64163
3.53711
3.97025
2.98319
2.2852
3.50262
2.6243
2.94121
3.08292
2.87829
2.98059
3.59231
3.03013
2.79634
2.84899
2.67994
3.00859
3.26788
2.96148
2.73177
2.59829
3.12327
2.38862
3.26367
3.05158
3.21729
3.28512
3.47931
2.65738
3.30017
2.83428
2.86338
4.01686
2.64583
2.58862
2.7539
3.33883
2.92203
2.91681
2.49598
3.08102
2.16642
2.9446
2.69761
3.19376
2.7249
2.3078
3.00615
3.19195
3.63916
3.51594
2.68933
3.08824
3.04703
2.58171
2.46531
3.0728
3.0485
3.43528
2.55513
2.46048
3.51044
3.25827
2.81862
3.76101
3.25755
3.07358
3.76046
3.44674
3.16149
3.26768
2.69515
2.7655
3.21866
3.1139
3.06624
2.67401
3.22747
3.62885
3.18527
2.15972
2.54559
2.63175
2.38843
3.04059
2.40799
3.38147
3.53926
2.80373
3.10157
2.43354
3.19153
2.79905
2.89839
2.74809
2.584
2.92136
2.96143
2.57085
3.95949
2.76664
3.66057
3.12528
3.09103
2.77116
2.99821
2.68385
2.67037
2.82521
3.50691
3.12779
2.60826
3.47174
3.43229
3.58633
3.09338
3.76617
2.07527
3.24082
3.47646
2.4753
2.95395
2.88055
3.13066
2.70655
3.22003
2.98629
3.16351
2.63147
2.98194
2.48555
3.20064
2.64922
3.26457
3.16845
3.41013
3.39766
2.84582
2.77077
2.71242
2.53118
2.98063
2.64199
2.88075
3.06309
2.08875
3.28938
2.70818
2.16257
3.01722
3.25986
3.64532
3.30622
3.20302
3.11521
2.77896
2.97472
3.13961
2.88997
2.46177
1.8808
2.7803
3.06644
3.23143
2.74301
3.07896
2.44798
2.43861
2.76437
3.68005
2.2883
2.69752
2.9192
3.35349
3.36234
3.16624
2.36713
2.39202
2.56622
2.6768
3.81353
3.59999
2.99142
2.82926
2.90041
3.12528
2.05599
3.48007
2.8649
3.11594
3.05119
2.59596
3.54218
2.75244
2.98001
3.58457
3.26183
2.42901
2.30056
2.69659
2.05923
2.74205
3.40719
3.12293
3.68671
2.11792
2.69125
2.80719
3.25354
2.71662
2.99978
2.95047
3.29412
3.10765
2.9063
3.62501
2.72836
2.71111
2.80977
2.56809
3.14606
2.03412
3.41283
2.78671
3.44988
2.94062
2.4779
2.25617
2.57657
3.60644
2.57894
2.78477
2.08474
3.22925
2.91821
3.20091
3.41934
3.31527
3.16291
2.99634
2.46163
3.29755
2.48006
2.69385
3.21692
2.95564
2.63393
3.28727
2.32571
3.28549
3.33245
2.89394
3.30359
2.97195
2.8699
3.20525
1.90274
3.35548
2.71604
2.50981
3.45956
2.62153
2.74721
2.58326
2.94809
3.02124
3.23518
2.53494
2.75869
3.5751
2.52632
3.16919
3.45885
2.12182
2.65653
3.70099
2.9254
2.89518
3.06593
3.72456
2.49058
3.38098
2.77847
2.95688
2.50598
3.40358
3.17953
2.94272
3.18406
2.90139
3.5687
2.43963
2.41589
2.58823
2.85155
3.06445
2.64579
2.82068
3.69266
2.99943
3.45309
3.08514
3.03979
2.86526
2.99065
3.41935
2.59695
2.40778
3.25825
3.22624
3.09541
3.41267
2.95143
3.17309
3.5315
2.8435
2.33461
3.50891
3.47251
2.65103
2.60302
3.25285
3.24019
2.93547
2.29963
3.62397
2.76859
3.86512
3.07928
3.62634
2.39731
2.98884
2.72744
2.93418
3.51341
2.22379
2.89466
3.34345
2.59965
3.23259
3.04061
3.73594
3.57987
2.92471
2.23422
2.50484
3.47609
2.96012
3.8887
3.59397
3.87252
3.18716
3.24356
2.83371
2.83331
2.18254
3.04239
2.71905
2.30379
2.97833
2.5396
3.15647
2.54995
3.02943
3.0063
2.71901
2.63325
2.50035
3.07325
3.0744
3.3063
2.5388
2.84367
3.39878
2.91282
3.27967
2.68341
2.83633
2.6124
3.06836
3.51951
2.51073
2.53652
2.78504
3.00605
3.2941
3.15166
3.63896
2.38474
2.63222
2.12717
3.13643
2.77195
3.41161
2.8973
2.61685
3.62449
3.05427
2.7948
2.60218
3.52208
3.1456
2.84506
2.8881
3.28932
4.19729
3.48182
3.4138
3.20529
3.14437
3.41895
2.74958
2.60558
2.3186
3.46009
2.80271
2.96812
3.74948
2.80117
3.04441
2.6228
2.82218
3.04622
3.30886
3.36942
3.23193
2.68001
3.037
3.40375
2.95696
2.98962
2.64415
3.18892
2.47254
2.9355
2.74772
3.36474
2.69219
3.0266
3.13257
2.78768
2.60181
2.03639
3.06363
3.14427
3.2408
3.15489
2.83857
3.05676
3.03553
2.07973
2.83187
3.79585
3.68881
3.88344
3.27494
3.31719
3.26795
3.24279
3.25597
2.61545
2.41616
3.22965
2.79616
3.26782
3.11153
2.07658
3.65813
2.52837
2.83634
3.12709
2.97954
2.55612
2.01587
3.71449
2.91502
2.38204
3.04068
3.5398
2.61175
2.59828
2.53509
2.70866
3.35373
2.62143
2.92743
3.39295
3.22074
2.93127
3.10905
3.0893
3.1816
3.25464
3.20465
2.94359
2.65988
2.58136
3.1364
4.03642
3.27182
3.86065
2.74109
2.67728
2.48312
3.16276
2.59198
2.90433
2.87789
3.02674
2.61963
2.76403
2.20523
3.68136
2.83218
2.21366
3.34006
2.96684
3.0762
3.05137
2.72252
2.96615
3.17629
1.63724
3.85773
2.48985
3.38351
2.54681
4.02807
3.50494
2.18087
2.62065
3.13337
2.81232
3.85179
3.86987
3.18446
2.91274
3.37122
3.35495
4.02754
3.6285
2.9424
2.6001
2.27409
2.98449
2.32322
3.09969
3.22962
3.08374
2.52182
2.9852
2.59678
3.68091
2.73814
2.81584
2.62822
3.32358
3.03002
2.82939
2.8524
3.09095
3.32986
3.0612
2.23746
2.87774
3.18939
2.62592
2.50637
2.92995
2.5494
2.92021
2.93689
2.94308
3.6344
3.10103
3.27683
3.23412
3.2611
3.12212
2.77038
3.76786
2.90707
2.64658
3.91731
3.66309
3.20427
3.00935
2.66265
3.1026
3.42619
2.45452
3.09061
2.83141
2.90526
2.14903
2.93742
3.30702
2.53735
2.94693
3.7851
3.57703
3.70072
2.79905
2.91653
2.63399
3.26609
2.79114
2.8285
3.02713
3.28879
3.06007
3.12948
2.81409
3.12268
2.58803
2.58266
2.87718
2.69186
3.56674
2.80668
3.75484
2.73108
3.47946
2.93831
3.13149
3.81951
2.65553
2.59666
2.48363
2.81032
3.13545
3.06312
3.11021
2.60618
2.31854
3.08949
3.59087
2.90706
2.81363
3.32517
2.58425
3.25158
3.07482
3.5606
2.93339
3.39619
2.82066
2.83087
2.94693
3.56727
2.75109
2.36224
2.64499
2.67073
2.6242
3.75067
2.88016
3.2664
1.99368
3.23771
3.21205
2.75868
2.46538
3.01464
2.13236
2.87741
3.06736
2.76326
3.30749
2.91905
2.86881
3.48509
2.56402
2.48141
2.56426
3.14492
2.73258
2.82488
2.32712
3.87969
3.18485
3.49143
3.29417
2.50777
2.54127
2.84836
2.68954
2.77609
2.55428
2.4492
3.30429
3.02599
3.01242
2.34719
3.02811
3.0402
2.7027
3.00463
2.76322
2.8721
2.75808
2.79322
