ip_mh_rejected = 0.00380019;

ip_mh_rejected = 0.00260013;

ip_mh_rejected = 0.00785039;

ip_mh_rejected = 0.0059503;

ip_mh_rejected = 0.00425021;

ip_mh_rejected = 0.0040002;

ip_mh_rejected = 0.0040502;

ip_mh_rejected = 0.00380019;

ip_mh_rejected = 0.00285014;

ip_mh_rejected = 0.00335017;

ip_mh_rejected = 0.00345017;

ip_mh_rejected = 0.00370019;

ip_mh_rejected = 0.00365018;

ip_mh_rejected = 0.00345017;

ip_mh_rejected = 0.00385019;

